37.99316713644644 23.758424626795847 632 Αμπελόκηποι
37.933369746028866 23.637273114021596 925 Ν.Πειραιάς
37.94161756728031 23.65410056554093 850 Β.Πειραιάς
37.9435010993739 23.713519406232695 800 Ν.Σμύρνη
38.02822417828828 23.807517832382153 1300 Χαλάνδρι
38.009214952297455 23.697940084205474 1000 Περιστέρι
37.995991319023254 23.686044601779617 500 Αιγάλεω
37.987324520595536 23.680090126083364 500 Κ.Αιγάλεω
37.971136752254914 23.747947875451548 500 Παγκράτι
37.96914930286481 23.70871840531045 500 Πετράλωνα
38.0059376243428 23.745985259119227 1000 Κυψέλη
38.04147110687256 23.682762583300214 1200 Πετρούπολη
38.000593392060466 23.80077835479826 1000 Χολαργός
38.00897302398608 23.822349487741246 700 A.Παρασκευή
37.91693915441043 23.721076894489162 1200 Άλιμος
37.96596671496155 23.63729561532477 2000 Κερατσίνι
37.95148457468816 23.682785880458407 800 Μοσχάτο
37.930751786445065 23.69541682418653 1200 Π.Φάληρο
37.956574222206626 23.758785847709966 700 Βύρωνας
37.93799882670039 23.74164811170776 1700 Α.Δημήτριος
38.044710074863055 23.733261411702088 3000 Ν.Φιλαδέλφεια
38.06318849132673 23.80941047085296 2500 Μαρούσι
37.97555679158675 23.72535821176053 750 Κέντρο
37.95618260630285 23.702789960693178 870 Καλλιθέα
37.96023115561123 23.729652857302952 950 Ν.Κόσμος
37.984203421583246 23.7428546647147631000 1000 Κολωνάκι
37.988665402005644 23.723379630558156 700 Μεταξουργείο
38.00976275408883 23.655140442398338 2500 Χαϊδάρι
38.01784478531101 23.77533241892515 1700 Ψυχικό
38.00715244807193 23.721787013177288 1090 Σεπόλια
38.025684268740186 23.69410928560917 800 Ίλιον
37.974453787616305 23.770840351099345 1500 Ζωγράφου
37.88846352098281 23.758383203883163 3300 Γλυφάδα
